4.77299785614
4.56948709488
4.57653880119
